INDEX.

, 207,19. 208, 20. 209, 21.
211, 30. 212, 23. 213, 5.
215, 1. 218, 8. 220, 8. 222,
30. 224, 8, 9. 225, 20. 227,
22. 235, 10. 241, 24. 242, 8,
18, 26. 243, 10, 21. 244, 7.
Constantius 120, 28. 125, 23.
131, 18. 147, 20. 150, 26.
151, 30. 159, 17. 163,0. 165,
12 166,1,171,11 195, 22.
211,16. 224,13. 246, 25.
247, 29.

01111111 158, 20. ·
Coruncani 279, 11.

0111111 Alpes 109, 19. 182,
17. 289, 9. 300, 26.
Crassus 257, 5.

Cretensis terra 274, 26.
Creticus 275, 15.

Crispus 241, 27.

Croesus 127, 12.

Curius 100, 31. - Curii 278,
Cydonas 105, 25.

Cyllarus 106, 16.

Dacia 134, 12.
Dalmatae 251, 9.
Damon 285, 8.
Danuuius 12,12. 15, 20. 59,
21. 77, 2. 114,16. 13317.
134, 13. 209,1. 250,12.
Deliacus 124, 29.
Delos 129, 15. 274, 27.
Diocletianus 91, 22. 96, 10.
96, 8. 98, 20. 101,13. 103,
21. 107,15. 111,11. 13014.
147, 21.
Domitianus 11,11. 18, 11.

Eleusina 251, 23.

Emathia 313, 16.

Epirotae 251, 10.

111111 93, 2, 11, 25. 107, 13.
Etruria 248, 18.

Eumenius 125, 11.

W
Euphrates 13, 24. 91, 13. 95,

10, 107, 2. 129, 25.
Europae 266, 10.

Fabricius 13, 7. - Fabricii
279,12.

Falaris 297, 28,

Falerna 283, 22.

01111237, 28.

01111901, 12.

Flaminius circus 121, 25.
Flauia 180, 28. 192, 11. -
Iu, Aeduorum 179, 25.
Florentia 192, 11.

Fortitudo 239, 3. 308, 2.
Fortuna 255, 12. 278, 22.
292, 14. 307, 23. 308, 4.
309, 23.

Fortunatorum insulae 165, 3.
262, 27.

Francia 104, 7. 167, 20.
Francus 147, 25. 211, 4. -
Franci 100, 5. 107,14. 129,
22. 144,10,19. 145,12. 151,
14. 163, 23. 168, 22. 220,
Frisius 138, 18.

, Fronto 141, 28.

Fuluius Nobilior 121, 20.

Gabinii 259, 21.

Gallaicus 290, 15.

Galli 125, 20. 242, 20. 247,
6. 291, 28. - Gallus 313, 16.
Gallia 93.1,30. 105, 7. 164,
mmmmmm
25. 200, 8. 293, 9, 23. 905,
Galliae 95, 5. 100, 4. 120,
12, 29, 135, 25. 138.16. 140,
10. 15419, 181, 23. 183, 4.
209, 9. 223, 24. 243, 19.
240, 13. 247,11. 272, 8.
314,19. ’
Gallicani mercatores 140, ’20.
- rebelles 183, 7. - -us

. census 184, 10.

Gallicum latus 145, 25.

 

